image: carla_town10_map.pgm
resolution: 0.20000
origin: [-204.400000, -236.200000, 0.000000]
negate: 0
occupied_thresh: 0.65
free_thresh: 0.196
